CREATE TABLE weight (
    value real NOT NULL,
    qf integer,
    idf integer,
    PRIMARY KEY (value)
);
INSERT INTO `weight` (value,qf,idf) VALUES (3504.0,-1,8.62570884306447),
 (3693.0,-1,8.62570884306447),
 (3436.0,-1,8.62570884306447),
 (3433.0,-1,8.62570884306447),
 (3449.0,-1,8.62570884306447),
 (4341.0,-1,8.62570884306447),
 (4354.0,-1,8.62570884306447),
 (4312.0,-1,8.62570884306447),
 (4425.0,-1,8.62570884306447),
 (3850.0,-1,8.62570884306447),
 (3563.0,-1,8.62570884306447),
 (3609.0,-1,8.62570884306447),
 (3761.0,-1,8.62570884306447),
 (3086.0,-1,8.62570884306447),
 (2372.0,-1,8.62570884306447),
 (2833.0,-1,8.62570884306447),
 (2774.0,-1,8.62570884306447),
 (2587.0,-1,8.62570884306447),
 (2130.0,-1,6.62570884306447),
 (1835.0,-1,7.62570884306447),
 (2672.0,-1,8.62570884306447),
 (2430.0,-1,8.62570884306447),
 (2375.0,-1,8.62570884306447),
 (2234.0,-1,8.62570884306447),
 (2648.0,-1,8.62570884306447),
 (4615.0,-1,8.62570884306447),
 (4376.0,-1,8.62570884306447),
 (4382.0,-1,8.62570884306447),
 (4732.0,-1,8.62570884306447),
 (2264.0,-1,8.62570884306447),
 (2228.0,-1,8.62570884306447),
 (2046.0,-1,8.62570884306447),
 (2634.0,-1,8.62570884306447),
 (3439.0,-1,8.62570884306447),
 (3329.0,-1,8.62570884306447),
 (3302.0,-1,8.62570884306447),
 (3288.0,-1,8.62570884306447),
 (4209.0,-1,8.62570884306447),
 (4464.0,-1,7.62570884306447),
 (4154.0,-1,8.62570884306447),
 (4096.0,-1,8.62570884306447),
 (4955.0,-1,8.62570884306447),
 (4746.0,-1,8.62570884306447),
 (5140.0,-1,8.62570884306447),
 (2962.0,-1,8.62570884306447),
 (2408.0,-1,7.62570884306447),
 (3282.0,-1,8.62570884306447),
 (3139.0,-1,8.62570884306447),
 (2220.0,-1,7.62570884306447),
 (2123.0,-1,8.62570884306447),
 (2074.0,-1,8.62570884306447),
 (2065.0,-1,8.62570884306447),
 (1773.0,-1,8.62570884306447),
 (1613.0,-1,8.62570884306447),
 (1834.0,-1,8.62570884306447),
 (1955.0,-1,8.62570884306447),
 (2278.0,-1,8.62570884306447),
 (2126.0,-1,8.62570884306447),
 (2254.0,-1,8.62570884306447),
 (2226.0,-1,8.62570884306447),
 (4274.0,-1,8.62570884306447),
 (4385.0,-1,8.62570884306447),
 (4135.0,-1,8.62570884306447),
 (4129.0,-1,8.62570884306447),
 (3672.0,-1,7.62570884306447),
 (4633.0,-1,8.62570884306447),
 (4502.0,-1,8.62570884306447),
 (4456.0,-1,8.62570884306447),
 (4422.0,-1,8.62570884306447),
 (2330.0,-1,8.62570884306447),
 (3892.0,-1,8.62570884306447),
 (4098.0,-1,8.62570884306447),
 (4294.0,-1,8.62570884306447),
 (4077.0,-1,8.62570884306447),
 (2933.0,-1,8.62570884306447),
 (2511.0,-1,8.62570884306447),
 (2979.0,-1,8.62570884306447),
 (2189.0,-1,8.62570884306447),
 (2395.0,-1,7.62570884306447),
 (2288.0,-1,8.62570884306447),
 (2506.0,-1,8.62570884306447),
 (2164.0,-1,7.62570884306447),
 (2100.0,-1,8.62570884306447),
 (4100.0,-1,8.62570884306447),
 (3988.0,-1,8.62570884306447),
 (4042.0,-1,8.62570884306447),
 (3777.0,-1,8.62570884306447),
 (4952.0,-1,8.62570884306447),
 (4363.0,-1,8.62570884306447),
 (4237.0,-1,8.62570884306447),
 (4735.0,-1,8.62570884306447),
 (4951.0,-1,8.62570884306447),
 (3821.0,-1,8.62570884306447),
 (3121.0,-1,8.62570884306447),
 (3278.0,-1,8.62570884306447),
 (2945.0,-1,7.04074634234331),
 (3021.0,-1,8.62570884306447),
 (2904.0,-1,8.62570884306447),
 (1950.0,-1,7.62570884306447),
 (4997.0,-1,8.62570884306447),
 (4906.0,-1,8.62570884306447),
 (4654.0,-1,8.62570884306447),
 (4499.0,-1,8.62570884306447),
 (2789.0,-1,8.62570884306447),
 (2279.0,-1,8.62570884306447),
 (2401.0,-1,8.62570884306447),
 (2379.0,-1,8.62570884306447),
 (2124.0,-1,8.62570884306447),
 (2310.0,-1,8.62570884306447),
 (2472.0,-1,8.62570884306447),
 (2265.0,-1,7.04074634234331),
 (4082.0,-1,8.62570884306447),
 (4278.0,-1,8.62570884306447),
 (1867.0,-1,8.62570884306447),
 (2158.0,-1,8.62570884306447),
 (2582.0,-1,8.62570884306447),
 (2868.0,-1,8.62570884306447),
 (3399.0,-1,8.62570884306447),
 (2660.0,-1,8.62570884306447),
 (2807.0,-1,8.62570884306447),
 (3664.0,-1,8.62570884306447),
 (3102.0,-1,8.62570884306447),
 (2875.0,-1,8.62570884306447),
 (2901.0,-1,8.62570884306447),
 (3336.0,-1,8.62570884306447),
 (2451.0,-1,8.62570884306447),
 (1836.0,-1,8.62570884306447),
 (2542.0,-1,7.62570884306447),
 (3781.0,-1,8.62570884306447),
 (3632.0,-1,8.62570884306447),
 (3613.0,-1,8.62570884306447),
 (4141.0,-1,8.62570884306447),
 (4699.0,-1,8.62570884306447),
 (4457.0,-1,8.62570884306447),
 (4638.0,-1,8.62570884306447),
 (4257.0,-1,8.62570884306447),
 (2219.0,-1,8.62570884306447),
 (1963.0,-1,8.62570884306447),
 (2300.0,-1,7.04074634234331),
 (1649.0,-1,8.62570884306447),
 (2003.0,-1,8.62570884306447),
 (2125.0,-1,7.04074634234331),
 (2108.0,-1,8.62570884306447),
 (2246.0,-1,8.62570884306447),
 (2489.0,-1,8.62570884306447),
 (2000.0,-1,8.62570884306447),
 (3264.0,-1,8.62570884306447),
 (3459.0,-1,8.62570884306447),
 (3432.0,-1,8.62570884306447),
 (3158.0,-1,8.62570884306447),
 (4668.0,-1,8.62570884306447),
 (4440.0,-1,8.62570884306447),
 (4498.0,-1,8.62570884306447),
 (4657.0,-1,8.62570884306447),
 (3907.0,-1,8.62570884306447),
 (3897.0,-1,8.62570884306447),
 (3730.0,-1,8.62570884306447),
 (3785.0,-1,8.62570884306447),
 (3039.0,-1,8.62570884306447),
 (3221.0,-1,8.62570884306447),
 (3169.0,-1,8.62570884306447),
 (2171.0,-1,8.62570884306447),
 (2639.0,-1,8.62570884306447),
 (2914.0,-1,8.62570884306447),
 (2592.0,-1,8.62570884306447),
 (2702.0,-1,8.62570884306447),
 (2223.0,-1,8.62570884306447),
 (2545.0,-1,8.62570884306447),
 (2984.0,-1,8.62570884306447),
 (1937.0,-1,7.62570884306447),
 (3211.0,-1,8.62570884306447),
 (2694.0,-1,8.62570884306447),
 (2957.0,-1,8.62570884306447),
 (2671.0,-1,8.62570884306447),
 (1795.0,-1,7.62570884306447),
 (2464.0,-1,8.62570884306447),
 (2572.0,-1,8.62570884306447),
 (2255.0,-1,8.62570884306447),
 (2202.0,-1,8.62570884306447),
 (4215.0,-1,7.62570884306447),
 (4190.0,-1,8.62570884306447),
 (3962.0,-1,8.62570884306447),
 (3233.0,-1,8.62570884306447),
 (3353.0,-1,8.62570884306447),
 (3012.0,-1,8.62570884306447),
 (3085.0,-1,8.62570884306447),
 (2035.0,-1,8.62570884306447),
 (3651.0,-1,8.62570884306447),
 (3574.0,-1,8.62570884306447),
 (3645.0,-1,8.62570884306447),
 (3193.0,-1,8.62570884306447),
 (1825.0,-1,7.62570884306447),
 (1990.0,-1,7.62570884306447),
 (2155.0,-1,7.04074634234331),
 (2565.0,-1,8.62570884306447),
 (3150.0,-1,8.62570884306447),
 (3940.0,-1,7.62570884306447),
 (3270.0,-1,8.62570884306447),
 (2930.0,-1,7.62570884306447),
 (3820.0,-1,8.62570884306447),
 (4380.0,-1,8.62570884306447),
 (4055.0,-1,8.62570884306447),
 (3870.0,-1,8.62570884306447),
 (3755.0,-1,8.62570884306447),
 (2045.0,-1,7.62570884306447),
 (1945.0,-1,8.62570884306447),
 (3880.0,-1,8.62570884306447),
 (4060.0,-1,8.62570884306447),
 (4140.0,-1,8.62570884306447),
 (4295.0,-1,8.62570884306447),
 (3520.0,-1,8.62570884306447),
 (3425.0,-1,7.62570884306447),
 (3630.0,-1,8.62570884306447),
 (3525.0,-1,8.62570884306447),
 (4220.0,-1,8.62570884306447),
 (4165.0,-1,8.62570884306447),
 (4325.0,-1,8.62570884306447),
 (4335.0,-1,8.62570884306447),
 (1940.0,-1,8.62570884306447),
 (2740.0,-1,8.62570884306447),
 (2755.0,-1,8.62570884306447),
 (2051.0,-1,8.62570884306447),
 (2075.0,-1,8.62570884306447),
 (1985.0,-1,6.62570884306447),
 (2190.0,-1,7.62570884306447),
 (2815.0,-1,8.62570884306447),
 (2600.0,-1,8.62570884306447),
 (2720.0,-1,7.04074634234331),
 (1800.0,-1,7.62570884306447),
 (2070.0,-1,8.62570884306447),
 (3365.0,-1,8.62570884306447),
 (3735.0,-1,8.62570884306447),
 (3570.0,-1,8.62570884306447),
 (3535.0,-1,8.62570884306447),
 (3155.0,-1,8.62570884306447),
 (2965.0,-1,8.62570884306447),
 (3430.0,-1,8.62570884306447),
 (3210.0,-1,8.62570884306447),
 (3380.0,-1,8.62570884306447),
 (3070.0,-1,8.62570884306447),
 (3620.0,-1,8.62570884306447),
 (3410.0,-1,7.62570884306447),
 (3445.0,-1,8.62570884306447),
 (3205.0,-1,8.62570884306447),
 (4080.0,-1,8.62570884306447),
 (2560.0,-1,8.62570884306447),
 (2230.0,-1,8.62570884306447),
 (2515.0,-1,8.62570884306447),
 (2745.0,-1,8.62570884306447),
 (2855.0,-1,8.62570884306447),
 (2405.0,-1,8.62570884306447),
 (2830.0,-1,8.62570884306447),
 (3140.0,-1,8.62570884306447),
 (2795.0,-1,8.62570884306447),
 (2135.0,-1,8.62570884306447),
 (3245.0,-1,8.62570884306447),
 (2990.0,-1,8.62570884306447),
 (2890.0,-1,8.62570884306447),
 (3265.0,-1,8.62570884306447),
 (3360.0,-1,8.62570884306447),
 (3840.0,-1,8.62570884306447),
 (3725.0,-1,7.62570884306447),
 (3955.0,-1,8.62570884306447),
 (3830.0,-1,8.62570884306447),
 (4360.0,-1,8.62570884306447),
 (4054.0,-1,8.62570884306447),
 (3605.0,-1,8.62570884306447),
 (1925.0,-1,8.62570884306447),
 (1975.0,-1,7.62570884306447),
 (1915.0,-1,8.62570884306447),
 (2670.0,-1,7.62570884306447),
 (3530.0,-1,8.62570884306447),
 (3900.0,-1,8.62570884306447),
 (3190.0,-1,8.62570884306447),
 (3420.0,-1,8.62570884306447),
 (2200.0,-1,8.62570884306447),
 (2150.0,-1,8.62570884306447),
 (2020.0,-1,8.62570884306447),
 (2595.0,-1,8.62570884306447),
 (2700.0,-1,8.62570884306447),
 (2556.0,-1,8.62570884306447),
 (2144.0,-1,8.62570884306447),
 (1968.0,-1,8.62570884306447),
 (2120.0,-1,8.62570884306447),
 (2019.0,-1,8.62570884306447),
 (2678.0,-1,8.62570884306447),
 (2870.0,-1,8.62570884306447),
 (3003.0,-1,8.62570884306447),
 (3381.0,-1,8.62570884306447),
 (2188.0,-1,8.62570884306447),
 (2711.0,-1,8.62570884306447),
 (2434.0,-1,8.62570884306447),
 (2110.0,-1,7.62570884306447),
 (2800.0,-1,8.62570884306447),
 (2085.0,-1,8.62570884306447),
 (2335.0,-1,8.62570884306447),
 (2950.0,-1,7.62570884306447),
 (3250.0,-1,8.62570884306447),
 (1850.0,-1,8.62570884306447),
 (2145.0,-1,8.62570884306447),
 (1845.0,-1,8.62570884306447),
 (2910.0,-1,8.62570884306447),
 (2420.0,-1,8.62570884306447),
 (2500.0,-1,8.62570884306447),
 (2905.0,-1,8.62570884306447),
 (2290.0,-1,8.62570884306447),
 (2490.0,-1,8.62570884306447),
 (2635.0,-1,7.62570884306447),
 (2620.0,-1,8.62570884306447),
 (2725.0,-1,8.62570884306447),
 (2385.0,-1,8.62570884306447),
 (1755.0,-1,8.62570884306447),
 (1875.0,-1,8.62570884306447),
 (1760.0,-1,8.62570884306447),
 (2050.0,-1,8.62570884306447),
 (2215.0,-1,8.62570884306447),
 (2380.0,-1,8.62570884306447),
 (2320.0,-1,8.62570884306447),
 (2210.0,-1,8.62570884306447),
 (2350.0,-1,8.62570884306447),
 (2615.0,-1,8.62570884306447),
 (3230.0,-1,8.62570884306447),
 (2900.0,-1,8.62570884306447),
 (3415.0,-1,8.62570884306447),
 (3060.0,-1,8.62570884306447),
 (3465.0,-1,8.62570884306447),
 (2605.0,-1,8.62570884306447),
 (2640.0,-1,8.62570884306447),
 (2575.0,-1,8.62570884306447),
 (2525.0,-1,8.62570884306447),
 (2735.0,-1,8.62570884306447),
 (2865.0,-1,8.62570884306447),
 (3035.0,-1,8.62570884306447),
 (1980.0,-1,8.62570884306447),
 (2025.0,-1,8.62570884306447),
 (1970.0,-1,8.62570884306447),
 (2160.0,-1,8.62570884306447),
 (2205.0,-1,8.62570884306447),
 (2245.0,-1,8.62570884306447),
 (1965.0,-1,7.62570884306447),
 (1995.0,-1,8.62570884306447),
 (3015.0,-1,8.62570884306447),
 (2585.0,-1,8.62570884306447),
 (2835.0,-1,8.62570884306447),
 (2665.0,-1,8.62570884306447),
 (2370.0,-1,8.62570884306447),
 (2790.0,-1,8.62570884306447),
 (2295.0,-1,8.62570884306447),
 (2625.0,-1,8.62570884306447);
CREATE TABLE type (
    value text NOT NULL,
    qf integer,
    idf integer,
    PRIMARY KEY (value)
);
INSERT INTO `type` (value,qf,idf) VALUES ('sedan',254,1.07881438317683),
 ('coupe',39,2.34030662420222),
 ('convertible',34,4.62570884306446),
 ('station wagon',144,2.92526912492337),
 ('pickup',20,5.3037807481771),
 ('hatchback',120,2.92526912492337);
CREATE TABLE origin (
    value integer NOT NULL,
    qf integer,
    idf integer,
    PRIMARY KEY (value)
);
INSERT INTO `origin` (value,qf,idf) VALUES (1,-1,0.665706910996384),
 (2,-1,2.5171843862863),
 (3,-1,2.35892230236956);
CREATE TABLE mpg (
    value real NOT NULL,
    qf integer,
    idf integer,
    PRIMARY KEY (value)
);
INSERT INTO `mpg` (value,qf,idf) VALUES (18.0,69,4.53824600181413),
 (15.0,67,4.62570884306446),
 (16.0,-1,4.92526912492337),
 (17.0,-1,5.81835392100686),
 (14.0,-1,4.37778132962088),
 (24.0,-1,5.16627722442717),
 (22.0,79,5.3037807481771),
 (21.0,-1,5.62570884306446),
 (27.0,-1,5.45578384162215),
 (26.0,119,4.92526912492337),
 (25.0,-1,5.16627722442717),
 (10.0,-1,7.62570884306447),
 (11.0,-1,6.62570884306447),
 (9.0,-1,8.62570884306447),
 (28.0,131,5.3037807481771),
 (19.0,-1,5.04074634234331),
 (12.0,30,6.04074634234331),
 (13.0,54,4.3037807481771),
 (23.0,114,5.3037807481771),
 (30.0,-1,5.81835392100686),
 (31.0,-1,5.81835392100686),
 (35.0,-1,7.62570884306447),
 (20.0,79,5.45578384162215),
 (29.0,-1,5.62570884306446),
 (32.0,149,6.04074634234331),
 (33.0,-1,7.04074634234331),
 (17.5,-1,6.3037807481771),
 (15.5,-1,6.3037807481771),
 (14.5,-1,8.62570884306447),
 (22.5,-1,8.62570884306447),
 (24.5,-1,7.62570884306447),
 (18.5,-1,7.04074634234331),
 (29.5,-1,7.62570884306447),
 (26.5,-1,8.62570884306447),
 (16.5,-1,7.04074634234331),
 (31.5,-1,7.62570884306447),
 (36.0,-1,6.04074634234331),
 (25.5,-1,7.62570884306447),
 (33.5,-1,7.04074634234331),
 (20.5,-1,7.04074634234331),
 (30.5,-1,7.62570884306447),
 (21.5,-1,7.04074634234331),
 (43.099998,-1,8.62570884306447),
 (36.099998,-1,7.62570884306447),
 (32.799999,-1,8.62570884306447),
 (39.400002,-1,8.62570884306447),
 (19.9,-1,8.62570884306447),
 (19.4,-1,7.62570884306447),
 (20.200001,-1,6.62570884306447),
 (19.200001,-1,7.04074634234331),
 (25.1,-1,8.62570884306447),
 (20.6,-1,7.62570884306447),
 (20.799999,-1,8.62570884306447),
 (18.6,-1,8.62570884306447),
 (18.1,-1,7.62570884306447),
 (17.700001,-1,8.62570884306447),
 (27.5,-1,8.62570884306447),
 (27.200001,-1,7.04074634234331),
 (30.9,-1,8.62570884306447),
 (21.1,-1,8.62570884306447),
 (23.200001,-1,8.62570884306447),
 (23.799999,-1,8.62570884306447),
 (23.9,-1,7.62570884306447),
 (20.299999,-1,8.62570884306447),
 (21.6,-1,8.62570884306447),
 (16.200001,-1,8.62570884306447),
 (19.799999,-1,8.62570884306447),
 (22.299999,-1,8.62570884306447),
 (17.6,-1,7.62570884306447),
 (18.200001,-1,8.62570884306447),
 (16.9,-1,8.62570884306447),
 (31.9,-1,8.62570884306447),
 (34.099998,-1,7.62570884306447),
 (35.700001,-1,8.62570884306447),
 (27.4,-1,8.62570884306447),
 (25.4,-1,7.62570884306447),
 (34.200001,-1,8.62570884306447),
 (34.5,-1,7.62570884306447),
 (31.799999,-1,8.62570884306447),
 (37.299999,-1,8.62570884306447),
 (28.4,-1,8.62570884306447),
 (28.799999,-1,8.62570884306447),
 (26.799999,-1,8.62570884306447),
 (41.5,-1,8.62570884306447),
 (38.099998,-1,8.62570884306447),
 (32.099998,-1,8.62570884306447),
 (37.200001,-1,8.62570884306447),
 (26.4,-1,8.62570884306447),
 (24.299999,-1,8.62570884306447),
 (19.1,-1,8.62570884306447),
 (34.299999,-1,8.62570884306447),
 (29.799999,-1,7.62570884306447),
 (31.299999,-1,8.62570884306447),
 (37.0,-1,7.04074634234331),
 (32.200001,-1,8.62570884306447),
 (46.599998,-1,8.62570884306447),
 (27.9,-1,8.62570884306447),
 (40.799999,-1,8.62570884306447),
 (44.299999,-1,8.62570884306447),
 (43.400002,-1,8.62570884306447),
 (36.400002,-1,8.62570884306447),
 (44.599998,-1,8.62570884306447),
 (40.900002,-1,8.62570884306447),
 (33.799999,-1,8.62570884306447),
 (32.700001,-1,8.62570884306447),
 (23.700001,-1,8.62570884306447),
 (23.6,-1,8.62570884306447),
 (32.400002,-1,7.62570884306447),
 (26.6,-1,7.62570884306447),
 (25.799999,-1,8.62570884306447),
 (23.5,-1,8.62570884306447),
 (39.099998,-1,8.62570884306447),
 (39.0,-1,8.62570884306447),
 (35.099998,-1,8.62570884306447),
 (37.700001,-1,8.62570884306447),
 (34.700001,-1,8.62570884306447),
 (34.400002,-1,8.62570884306447),
 (29.9,-1,8.62570884306447),
 (33.700001,-1,8.62570884306447),
 (32.900002,-1,8.62570884306447),
 (31.6,-1,8.62570884306447),
 (28.1,-1,8.62570884306447),
 (24.200001,-1,8.62570884306447),
 (22.4,-1,8.62570884306447),
 (34.0,-1,7.62570884306447),
 (38.0,-1,6.62570884306447),
 (44.0,-1,8.62570884306447);
CREATE TABLE model_year (
    value integer NOT NULL,
    qf integer,
    idf integer,
    PRIMARY KEY (value)
);
INSERT INTO `model_year` (value,qf,idf) VALUES (70,1,3.76772784793689),
 (71,2,3.81835392100686),
 (72,4,3.81835392100686),
 (73,3,3.3037807481771),
 (74,6,3.92526912492337),
 (75,7,3.71881824745595),
 (76,18,3.53824600181413),
 (77,30,3.81835392100686),
 (78,28,3.45578384162215),
 (79,34,3.76772784793689),
 (80,113,3.76772784793689),
 (81,243,3.870821340901),
 (82,220,3.67151253267759);
CREATE TABLE model (
    value text NOT NULL,
    qf integer,
    idf integer,
    PRIMARY KEY (value)
);
INSERT INTO `model` (value,qf,idf) VALUES ('chevelle malibu',-1,7.04074634234331),
 ('skylark 320',-1,8.62570884306447),
 ('satellite',-1,8.62570884306447),
 ('rebel sst',-1,8.62570884306447),
 ('torino',-1,8.62570884306447),
 ('galaxie 500',-1,7.04074634234331),
 ('impala',-1,6.62570884306447),
 ('fury iii',-1,7.04074634234331),
 ('catalina',-1,7.04074634234331),
 ('ambassador dpl',-1,8.62570884306447),
 ('challenger se',-1,8.62570884306447),
 ('cuda 340',-1,8.62570884306447),
 ('monte carlo',-1,8.62570884306447),
 ('estate wagon',-1,7.62570884306447),
 ('corona mark ii',-1,7.62570884306447),
 ('duster',-1,7.04074634234331),
 ('hornet',-1,6.62570884306447),
 ('maverick',-1,6.3037807481771),
 ('pl510',-1,7.62570884306447),
 ('1131 deluxe sedan',-1,8.62570884306447),
 ('504',-1,6.3037807481771),
 ('100ls',-1,7.04074634234331),
 ('99e',-1,8.62570884306447),
 ('2002',-1,8.62570884306447),
 ('gremlin',-1,6.62570884306447),
 ('f-250',-1,8.62570884306447),
 ('c20',-1,8.62570884306447),
 ('d200',-1,8.62570884306447),
 ('hi 1200d',-1,8.62570884306447),
 ('vega 2300',-1,8.62570884306447),
 ('corona',-1,6.62570884306447),
 ('pinto',-1,5.81835392100686),
 ('satellite custom',-1,7.62570884306447),
 ('torino 500',-1,8.62570884306447),
 ('matador',-1,5.81835392100686),
 ('catalina brougham',-1,8.62570884306447),
 ('monaco',-1,8.62570884306447),
 ('country squire',-1,7.04074634234331),
 ('safari',-1,8.62570884306447),
 ('hornet sportabout',-1,8.62570884306447),
 ('vega',-1,6.62570884306447),
 ('firebird',-1,8.62570884306447),
 ('mustang',-1,8.62570884306447),
 ('capri 2000',-1,8.62570884306447),
 ('1900',-1,7.62570884306447),
 ('304',-1,8.62570884306447),
 ('124b',-1,8.62570884306447),
 ('corolla 1200',-1,7.62570884306447),
 ('1200',-1,8.62570884306447),
 ('model 111',-1,8.62570884306447),
 ('cricket',-1,8.62570884306447),
 ('corona hardtop',-1,8.62570884306447),
 ('colt hardtop',-1,8.62570884306447),
 ('type 3',-1,8.62570884306447),
 ('pinto runabout',-1,8.62570884306447),
 ('ambassador sst',-1,8.62570884306447),
 ('marquis',-1,8.62570884306447),
 ('lesabre custom',-1,8.62570884306447),
 ('delta 88 royale',-1,8.62570884306447),
 ('newport royal',-1,8.62570884306447),
 ('rx-2 coupe',-1,8.62570884306447),
 ('chevelle concours',-1,8.62570884306447),
 ('gran torino',-1,6.3037807481771),
 ('145e',-1,8.62570884306447),
 ('411',-1,8.62570884306447),
 ('12',-1,8.62570884306447),
 ('510',-1,7.04074634234331),
 ('colt',-1,6.62570884306447),
 ('corolla 1600',-1,8.62570884306447),
 ('century 350',-1,8.62570884306447),
 ('malibu',-1,7.62570884306447),
 ('coronet custom',-1,7.62570884306447),
 ('marquis brougham',-1,8.62570884306447),
 ('caprice classic',-1,7.04074634234331),
 ('ltd',-1,7.62570884306447),
 ('fury gran sedan',-1,8.62570884306447),
 ('new yorker brougham',-1,8.62570884306447),
 ('electra 225 custom',-1,8.62570884306447),
 ('ambassador brougham',-1,8.62570884306447),
 ('valiant',-1,7.62570884306447),
 ('nova custom',-1,8.62570884306447),
 ('super beetle',-1,8.62570884306447),
 ('custom suburb',-1,8.62570884306447),
 ('vista cruiser',-1,8.62570884306447),
 ('carina',-1,8.62570884306447),
 ('610',-1,8.62570884306447),
 ('rx-3',-1,8.62570884306447),
 ('capri v6',-1,8.62570884306447),
 ('124 sport coupe',-1,8.62570884306447),
 ('monte carlo s',-1,8.62570884306447),
 ('grand prix',-1,8.62570884306447),
 ('128',-1,7.62570884306447),
 ('manta',-1,7.62570884306447),
 ('144 ea',-1,8.62570884306447),
 ('dart custom',-1,8.62570884306447),
 ('99le',-1,7.62570884306447),
 ('mark ii',-1,7.62570884306447),
 ('omega',-1,8.62570884306447),
 ('nova',-1,7.04074634234331),
 ('b210',-1,7.62570884306447),
 ('chevelle malibu classic',-1,7.62570884306447),
 ('satellite sebring',-1,8.62570884306447),
 ('century luxus',-1,8.62570884306447),
 ('fox',-1,8.62570884306447),
 ('dasher',-1,7.04074634234331),
 ('710',-1,7.62570884306447),
 ('124 tc',-1,8.62570884306447),
 ('civic',-1,7.04074634234331),
 ('x1.9',-1,8.62570884306447),
 ('valiant custom',-1,8.62570884306447),
 ('monarch',-1,8.62570884306447),
 ('bel air',-1,8.62570884306447),
 ('grand fury',-1,8.62570884306447),
 ('century',-1,7.62570884306447),
 ('fury',-1,8.62570884306447),
 ('skyhawk',-1,8.62570884306447),
 ('monza 2+2',-1,8.62570884306447),
 ('mustang ii',-1,8.62570884306447),
 ('corolla',-1,6.3037807481771),
 ('astro',-1,8.62570884306447),
 ('rabbit',-1,6.3037807481771),
 ('pacer',-1,8.62570884306447),
 ('244dl',-1,8.62570884306447),
 ('civic cvcc',-1,7.62570884306447),
 ('131',-1,8.62570884306447),
 ('capri ii',-1,8.62570884306447),
 ('12tl',-1,8.62570884306447),
 ('coronet brougham',-1,8.62570884306447),
 ('chevette',-1,6.62570884306447),
 ('woody',-1,8.62570884306447),
 ('aspen se',-1,8.62570884306447),
 ('granada ghia',-1,8.62570884306447),
 ('ventura sj',-1,8.62570884306447),
 ('pacer d/l',-1,8.62570884306447),
 ('245',-1,8.62570884306447),
 ('volare premier v8',-1,8.62570884306447),
 ('280S',-1,8.62570884306447),
 ('seville',-1,8.62570884306447),
 ('c10',-1,8.62570884306447),
 ('f-108',-1,8.62570884306447),
 ('d100',-1,8.62570884306447),
 ('accord cvcc',-1,8.62570884306447),
 ('isuzu deluxe',-1,8.62570884306447),
 ('5 gtl',-1,8.62570884306447),
 ('arrow gs',-1,8.62570884306447),
 ('f-10',-1,8.62570884306447),
 ('cutlass supreme',-1,8.62570884306447),
 ('monaco brougham',-1,8.62570884306447),
 ('cougar brougham',-1,8.62570884306447),
 ('concours',-1,8.62570884306447),
 ('skylark',-1,7.62570884306447),
 ('volare custom',-1,8.62570884306447),
 ('granada',-1,8.62570884306447),
 ('grand prix lj',-1,8.62570884306447),
 ('monte carlo landau',-1,7.62570884306447),
 ('cordoba',-1,8.62570884306447),
 ('thunderbird',-1,8.62570884306447),
 ('rabbit custom',-1,7.62570884306447),
 ('sunbird coupe',-1,8.62570884306447),
 ('corolla liftback',-1,8.62570884306447),
 ('mustang ii 2+2',-1,8.62570884306447),
 ('colt m/m',-1,8.62570884306447),
 ('dl',-1,7.62570884306447),
 ('810',-1,8.62570884306447),
 ('320i',-1,8.62570884306447),
 ('rx-4',-1,8.62570884306447),
 ('rabbit custom diesel',-1,8.62570884306447),
 ('fiesta',-1,8.62570884306447),
 ('glc deluxe',-1,7.62570884306447),
 ('b210 gx',-1,8.62570884306447),
 ('cutlass salon brougham',-1,7.62570884306447),
 ('diplomat',-1,8.62570884306447),
 ('monarch ghia',-1,8.62570884306447),
 ('phoenix lj',-1,8.62570884306447),
 ('fairmont (auto)',-1,8.62570884306447),
 ('fairmont (man)',-1,8.62570884306447),
 ('volare',-1,8.62570884306447),
 ('concord',-1,7.62570884306447),
 ('century special',-1,8.62570884306447),
 ('zephyr',-1,8.62570884306447),
 ('aspen',-1,7.62570884306447),
 ('concord d/l',-1,7.62570884306447),
 ('regal sport coupe (turbo)',-1,8.62570884306447),
 ('futura',-1,8.62570884306447),
 ('magnum xe',-1,8.62570884306447),
 ('omni',-1,8.62570884306447),
 ('celica gt liftback',-1,8.62570884306447),
 ('sapporo',-1,8.62570884306447),
 ('starfire sx',-1,8.62570884306447),
 ('200sx',-1,7.62570884306447),
 ('5000',-1,8.62570884306447),
 ('264gl',-1,8.62570884306447),
 ('99gle',-1,8.62570884306447),
 ('604 sl',-1,8.62570884306447),
 ('scirocco',-1,8.62570884306447),
 ('accord lx',-1,8.62570884306447),
 ('lemans v6',-1,8.62570884306447),
 ('zephyr 6',-1,8.62570884306447),
 ('fairmont 4',-1,8.62570884306447),
 ('concord dl 6',-1,8.62570884306447),
 ('aspen 6',-1,8.62570884306447),
 ('ltd landau',-1,8.62570884306447),
 ('grand marquis',-1,8.62570884306447),
 ('st. regis',-1,8.62570884306447),
 ('malibu classic',-1,8.62570884306447),
 ('lebaron town @ country',-1,8.62570884306447),
 ('colt custom',-1,8.62570884306447),
 ('spirit dl',-1,8.62570884306447),
 ('300D',-1,8.62570884306447),
 ('eldorado',-1,8.62570884306447),
 ('horizon',-1,8.62570884306447),
 ('horizon tc3',-1,8.62570884306447),
 ('210',-1,7.62570884306447),
 ('strada custom',-1,8.62570884306447),
 ('skylark limited',-1,8.62570884306447),
 ('citation',-1,7.04074634234331),
 ('omega brougham',-1,8.62570884306447),
 ('phoenix',-1,7.62570884306447),
 ('corolla tercel',-1,8.62570884306447),
 ('310',-1,8.62570884306447),
 ('fairmont',-1,8.62570884306447),
 ('4000',-1,8.62570884306447),
 ('corona liftback',-1,8.62570884306447),
 ('626',-1,7.62570884306447),
 ('glc',-1,8.62570884306447),
 ('rabbit c (diesel)',-1,8.62570884306447),
 ('dasher (diesel)',-1,8.62570884306447),
 ('5000s (diesel)',-1,8.62570884306447),
 ('240D',-1,8.62570884306447),
 ('civic 1500 gl',-1,8.62570884306447),
 ('lecar deluxe',-1,8.62570884306447),
 ('280zx',-1,8.62570884306447),
 ('rx-7 gs',-1,8.62570884306447),
 ('triumph tr7 coupe',-1,8.62570884306447),
 ('mustang cobra',-1,8.62570884306447),
 ('accord',-1,7.62570884306447),
 ('reliant',-1,7.62570884306447),
 ('aries wagon',-1,8.62570884306447),
 ('starlet',-1,8.62570884306447),
 ('champ',-1,8.62570884306447),
 ('civic 1300',-1,8.62570884306447),
 ('210 mpg',-1,8.62570884306447),
 ('tercel',-1,8.62570884306447),
 ('glc 4',-1,8.62570884306447),
 ('horizon 4',-1,8.62570884306447),
 ('escort 4w',-1,8.62570884306447),
 ('escort 2h',-1,8.62570884306447),
 ('jetta',-1,8.62570884306447),
 ('18i',-1,8.62570884306447),
 ('prelude',-1,8.62570884306447),
 ('505s turbo diesel',-1,8.62570884306447),
 ('cressida',-1,8.62570884306447),
 ('810 maxima',-1,8.62570884306447),
 ('cutlass ls',-1,8.62570884306447),
 ('granada gl',-1,8.62570884306447),
 ('lebaron salon',-1,8.62570884306447),
 ('cavalier',-1,8.62570884306447),
 ('cavalier wagon',-1,8.62570884306447),
 ('cavalier 2-door',-1,8.62570884306447),
 ('j2000 se',-1,8.62570884306447),
 ('aries se',-1,8.62570884306447),
 ('fairmont futura',-1,8.62570884306447),
 ('rabbit l',-1,8.62570884306447),
 ('glc custom l',-1,8.62570884306447),
 ('glc custom',-1,8.62570884306447),
 ('horizon miser',-1,8.62570884306447),
 ('lynx l',-1,8.62570884306447),
 ('stanza xe',-1,8.62570884306447),
 ('civic (auto)',-1,8.62570884306447),
 ('310gx',-1,8.62570884306447),
 ('century limited',-1,8.62570884306447),
 ('cutlass ciera (diesel)',-1,8.62570884306447),
 ('lebaron medallion',-1,8.62570884306447),
 ('granada l',-1,8.62570884306447),
 ('celica gt',-1,8.62570884306447),
 ('charger 2.2',-1,8.62570884306447),
 ('camaro',-1,8.62570884306447),
 ('mustang gl',-1,8.62570884306447),
 ('pickup',-1,8.62570884306447),
 ('rampage',-1,8.62570884306447),
 ('ranger',-1,8.62570884306447),
 ('s-10',-1,8.62570884306447);
CREATE TABLE jacc (
queryid integer NOT NULL,
terms text NOT NULL,
freq integer NOT NULL,
PRIMARY KEY(queryid)
);
INSERT INTO `jacc` (queryid,terms,freq) VALUES (18,'audi bmw mercedes-benz volkswagen',65),
 (22,'amc chrysler',55),
 (28,'ford mercury',51),
 (29,'wagon sedan',50),
 (31,'datsun nissan',49),
 (33,'nissan honda subaru toyota mazda',43),
 (39,'nissan honda subaru toyota mazda',34),
 (41,'audi bmw mercedes-benz volkswagen',31),
 (43,'opel saab renault volvo fiat peugeot',31),
 (55,'wagon sedan',21),
 (64,'amc chrysler',16),
 (67,'opel saab renault volvo fiat peugeot',13),
 (68,'wagon pickup',13),
 (71,'ford mercury amc chrysler pontiac mazda dodge plymouth buick',12),
 (72,'chrysler ford chevrolet amc',12),
 (79,'triumph oldsmobile',10),
 (80,'ford mercury',10),
 (81,'ford mercury amc chrysler pontiac mazda dodge plymouth buick',10),
 (85,'wagon pickup',7),
 (86,'convertible coupe',7),
 (93,'convertible coupe',5),
 (110,'nissan honda subaru toyota mazda',3),
 (111,'chrysler ford chevrolet amc',3),
 (119,'ford mercury',2),
 (120,'triumph oldsmobile',2),
 (124,'wagon sedan',1),
 (125,'convertible coupe',1);
CREATE TABLE horsepower (
    value real NOT NULL,
    qf integer,
    idf integer,
    PRIMARY KEY (value)
);
INSERT INTO `horsepower` (value,qf,idf) VALUES (130.0,33,6.3037807481771),
 (165.0,-1,6.62570884306447),
 (150.0,30,4.16627722442717),
 (140.0,11,5.81835392100686),
 (198.0,-1,7.62570884306447),
 (220.0,-1,8.62570884306447),
 (215.0,-1,7.04074634234331),
 (225.0,-1,7.04074634234331),
 (190.0,-1,7.04074634234331),
 (170.0,-1,6.3037807481771),
 (160.0,-1,7.62570884306447),
 (95.0,-1,4.81835392100686),
 (97.0,-1,5.45578384162215),
 (85.0,-1,5.45578384162215),
 (88.0,-1,4.3037807481771),
 (46.0,-1,7.62570884306447),
 (87.0,-1,7.62570884306447),
 (90.0,100,4.23339142028571),
 (113.0,-1,8.62570884306447),
 (200.0,-1,8.62570884306447),
 (210.0,-1,8.62570884306447),
 (193.0,-1,8.62570884306447),
 (100.0,120,4.53824600181413),
 (105.0,-1,5.04074634234331),
 (175.0,-1,6.3037807481771),
 (153.0,-1,7.62570884306447),
 (180.0,-1,6.3037807481771),
 (110.0,114,4.45578384162215),
 (72.0,-1,6.04074634234331),
 (86.0,-1,6.3037807481771),
 (70.0,-1,5.04074634234331),
 (76.0,-1,7.04074634234331),
 (65.0,-1,5.16627722442717),
 (69.0,-1,7.04074634234331),
 (60.0,94,6.3037807481771),
 (80.0,-1,5.81835392100686),
 (54.0,-1,8.62570884306447),
 (208.0,-1,8.62570884306447),
 (155.0,-1,7.62570884306447),
 (112.0,-1,7.04074634234331),
 (92.0,-1,6.04074634234331),
 (145.0,-1,5.81835392100686),
 (137.0,-1,8.62570884306447),
 (158.0,-1,8.62570884306447),
 (167.0,-1,8.62570884306447),
 (94.0,-1,8.62570884306447),
 (107.0,-1,8.62570884306447),
 (230.0,-1,8.62570884306447),
 (49.0,-1,8.62570884306447),
 (75.0,66,4.81835392100686),
 (91.0,-1,7.62570884306447),
 (122.0,-1,8.62570884306447),
 (67.0,-1,5.16627722442717),
 (83.0,-1,6.62570884306447),
 (78.0,-1,6.04074634234331),
 (52.0,-1,6.62570884306447),
 (61.0,-1,8.62570884306447),
 (148.0,-1,8.62570884306447),
 (129.0,-1,7.62570884306447),
 (96.0,-1,7.04074634234331),
 (71.0,-1,6.3037807481771),
 (98.0,-1,7.62570884306447),
 (115.0,-1,6.3037807481771),
 (53.0,-1,7.62570884306447),
 (81.0,-1,7.62570884306447),
 (79.0,-1,7.62570884306447),
 (120.0,96,6.62570884306447),
 (152.0,-1,8.62570884306447),
 (102.0,-1,8.62570884306447),
 (108.0,-1,8.62570884306447),
 (68.0,-1,6.04074634234331),
 (58.0,-1,7.62570884306447),
 (149.0,-1,8.62570884306447),
 (89.0,-1,8.62570884306447),
 (63.0,-1,6.62570884306447),
 (48.0,-1,7.04074634234331),
 (66.0,-1,8.62570884306447),
 (139.0,-1,7.62570884306447),
 (103.0,-1,8.62570884306447),
 (125.0,-1,7.04074634234331),
 (133.0,-1,8.62570884306447),
 (138.0,-1,8.62570884306447),
 (135.0,-1,8.62570884306447),
 (142.0,-1,8.62570884306447),
 (77.0,-1,8.62570884306447),
 (62.0,-1,7.62570884306447),
 (132.0,-1,8.62570884306447),
 (335.0,-1,8.62570884306447),
 (84.0,-1,6.04074634234331),
 (64.0,-1,8.62570884306447),
 (74.0,-1,7.04074634234331),
 (116.0,-1,8.62570884306447),
 (82.0,-1,8.62570884306447);
CREATE TABLE displacement (
    value real NOT NULL,
    qf integer,
    idf integer,
    PRIMARY KEY (value)
);
INSERT INTO `displacement` (value,qf,idf) VALUES (307.0,-1,7.04074634234331),
 (350.0,-1,4.45578384162215),
 (318.0,-1,4.53824600181413),
 (304.0,-1,5.81835392100686),
 (302.0,-1,5.16627722442717),
 (429.0,-1,7.04074634234331),
 (454.0,-1,8.62570884306447),
 (440.0,-1,7.62570884306447),
 (455.0,-1,7.04074634234331),
 (390.0,-1,8.62570884306447),
 (383.0,-1,7.62570884306447),
 (340.0,-1,8.62570884306447),
 (400.0,-1,4.92526912492337),
 (113.0,-1,7.04074634234331),
 (198.0,-1,7.04074634234331),
 (199.0,-1,7.62570884306447),
 (200.0,-1,5.62570884306446),
 (97.0,-1,4.3037807481771),
 (110.0,-1,8.62570884306447),
 (107.0,97,6.3037807481771),
 (104.0,-1,8.62570884306447),
 (121.0,-1,5.16627722442717),
 (360.0,-1,6.62570884306447),
 (140.0,-1,4.62570884306446),
 (98.0,-1,4.45578384162215),
 (232.0,-1,5.16627722442717),
 (225.0,-1,4.92526912492337),
 (250.0,-1,4.53824600181413),
 (351.0,-1,5.62570884306446),
 (258.0,-1,6.3037807481771),
 (122.0,-1,5.81835392100686),
 (116.0,-1,6.62570884306447),
 (79.0,-1,6.04074634234331),
 (88.0,-1,8.62570884306447),
 (71.0,-1,7.62570884306447),
 (72.0,-1,8.62570884306447),
 (91.0,-1,5.04074634234331),
 (97.5,-1,8.62570884306447),
 (70.0,-1,7.04074634234331),
 (120.0,-1,5.45578384162215),
 (96.0,-1,8.62570884306447),
 (108.0,-1,6.62570884306447),
 (155.0,144,8.62570884306447),
 (68.0,-1,8.62570884306447),
 (114.0,-1,8.62570884306447),
 (156.0,-1,6.04074634234331),
 (76.0,-1,8.62570884306447),
 (83.0,-1,8.62570884306447),
 (90.0,-1,5.62570884306446),
 (231.0,-1,5.62570884306446),
 (262.0,-1,7.62570884306447),
 (134.0,-1,6.62570884306447),
 (119.0,-1,6.04074634234331),
 (171.0,-1,8.62570884306447),
 (115.0,110,8.62570884306447),
 (101.0,-1,8.62570884306447),
 (305.0,-1,6.62570884306447),
 (85.0,12,5.62570884306446),
 (130.0,-1,8.62570884306447),
 (168.0,-1,7.04074634234331),
 (111.0,-1,8.62570884306447),
 (260.0,-1,7.04074634234331),
 (151.0,-1,5.3037807481771),
 (146.0,-1,7.04074634234331),
 (80.0,-1,8.62570884306447),
 (78.0,-1,8.62570884306447),
 (105.0,-1,5.81835392100686),
 (131.0,-1,8.62570884306447),
 (163.0,-1,7.62570884306447),
 (89.0,-1,6.3037807481771),
 (267.0,-1,8.62570884306447),
 (86.0,-1,6.62570884306447),
 (183.0,-1,8.62570884306447),
 (141.0,-1,7.62570884306447),
 (173.0,-1,7.04074634234331),
 (135.0,-1,6.3037807481771),
 (81.0,-1,8.62570884306447),
 (100.0,-1,8.62570884306447),
 (112.0,-1,6.62570884306447),
 (181.0,-1,8.62570884306447),
 (144.0,-1,8.62570884306447);
CREATE TABLE cylinders (
    value integer NOT NULL,
    qf integer,
    idf integer,
    PRIMARY KEY (value)
);
INSERT INTO `cylinders` (value,qf,idf) VALUES (3,30,6.62570884306447),
 (4,239,0.96749736031267),
 (5,23,7.04074634234331),
 (6,179,2.25066941171754),
 (8,96,1.93920831588125);
CREATE TABLE brand (
    value text NOT NULL,
    qf integer,
    idf integer,
    PRIMARY KEY (value)
);
INSERT INTO `brand` (value,qf,idf) VALUES ('chevrolet',15,3.07111999138683),
 ('buick',28,4.53824600181413),
 ('plymouth',14,3.67151253267759),
 ('amc',13,3.81835392100686),
 ('ford',3,2.92526912492337),
 ('pontiac',9,4.62570884306446),
 ('dodge',4,3.81835392100686),
 ('toyota',80,3.92526912492337),
 ('datsun',45,4.10214688700745),
 ('volkswagen',123,4.16627722442717),
 ('peugeot',94,5.62570884306446),
 ('audi',88,5.81835392100686),
 ('saab',109,6.62570884306447),
 ('bmw',97,7.62570884306447),
 ('hi',-1,8.62570884306447),
 ('mercury',19,5.16627722442717),
 ('opel',98,6.62570884306447),
 ('fiat',97,5.62570884306446),
 ('oldsmobile',21,5.3037807481771),
 ('chrysler',6,6.04074634234331),
 ('mazda',44,5.04074634234331),
 ('volvo',87,6.3037807481771),
 ('renault',99,6.3037807481771),
 ('honda',30,4.92526912492337),
 ('mercedes-benz',116,7.04074634234331),
 ('cadillac',16,7.62570884306447),
 ('subaru',57,7.62570884306447),
 ('triumph',69,8.62570884306447),
 ('nissan',69,8.62570884306447);
CREATE TABLE acceleration (
    value real NOT NULL,
    qf integer,
    idf integer,
    PRIMARY KEY (value)
);
INSERT INTO `acceleration` (value,qf,idf) VALUES (12.0,-1,5.3037807481771),
 (11.5,-1,5.81835392100686),
 (11.0,57,5.81835392100686),
 (10.5,-1,8.62570884306447),
 (10.0,-1,6.62570884306447),
 (9.0,-1,8.62570884306447),
 (8.5,-1,7.62570884306447),
 (8.0,-1,8.62570884306447),
 (9.5,-1,7.62570884306447),
 (15.0,-1,4.81835392100686),
 (15.5,-1,4.3037807481771),
 (16.0,70,4.62570884306446),
 (14.5,39,4.10214688700745),
 (20.5,-1,7.04074634234331),
 (17.5,-1,6.62570884306447),
 (12.5,-1,5.62570884306446),
 (14.0,68,4.62570884306446),
 (13.5,100,4.71881824745595),
 (18.5,-1,6.3037807481771),
 (19.0,1,5.04074634234331),
 (13.0,44,5.04074634234331),
 (19.5,-1,6.04074634234331),
 (18.0,-1,5.62570884306446),
 (17.0,69,4.81835392100686),
 (23.5,-1,8.62570884306447),
 (16.5,62,4.92526912492337),
 (21.0,4,6.3037807481771),
 (16.9,-1,6.62570884306447),
 (14.9,-1,5.81835392100686),
 (17.700001,-1,7.04074634234331),
 (15.3,-1,7.04074634234331),
 (13.9,-1,7.62570884306447),
 (12.8,-1,7.04074634234331),
 (15.4,-1,6.62570884306447),
 (17.6,-1,6.62570884306447),
 (22.200001,-1,7.62570884306447),
 (22.1,-1,8.62570884306447),
 (14.2,-1,7.04074634234331),
 (17.4,-1,7.62570884306447),
 (16.200001,-1,6.62570884306447),
 (17.799999,-1,8.62570884306447),
 (12.2,-1,7.62570884306447),
 (16.4,-1,5.45578384162215),
 (13.6,-1,7.62570884306447),
 (15.7,-1,6.62570884306447),
 (13.2,-1,6.04074634234331),
 (21.9,-1,8.62570884306447),
 (16.700001,-1,7.04074634234331),
 (12.1,-1,8.62570884306447),
 (14.8,-1,7.04074634234331),
 (18.6,-1,6.62570884306447),
 (16.799999,-1,7.62570884306447),
 (13.7,-1,7.62570884306447),
 (11.1,-1,8.62570884306447),
 (11.4,-1,7.62570884306447),
 (18.200001,-1,6.3037807481771),
 (15.8,-1,5.81835392100686),
 (15.9,-1,7.62570884306447),
 (14.1,-1,8.62570884306447),
 (21.5,-1,8.62570884306447),
 (14.4,-1,6.3037807481771),
 (19.4,-1,7.04074634234331),
 (19.200001,-1,7.04074634234331),
 (17.200001,-1,7.62570884306447),
 (18.700001,-1,7.62570884306447),
 (15.1,-1,7.62570884306447),
 (13.4,-1,7.62570884306447),
 (11.2,-1,8.62570884306447),
 (14.7,-1,6.3037807481771),
 (16.6,-1,7.04074634234331),
 (17.299999,-1,6.3037807481771),
 (15.2,-1,7.04074634234331),
 (14.3,-1,7.62570884306447),
 (20.1,-1,7.62570884306447),
 (24.799999,-1,8.62570884306447),
 (11.3,-1,8.62570884306447),
 (12.9,-1,7.62570884306447),
 (18.799999,-1,8.62570884306447),
 (18.1,-1,8.62570884306447),
 (17.9,-1,8.62570884306447),
 (21.700001,-1,8.62570884306447),
 (23.700001,-1,8.62570884306447),
 (19.9,-1,8.62570884306447),
 (21.799999,-1,8.62570884306447),
 (13.8,-1,7.62570884306447),
 (12.6,-1,7.62570884306447),
 (16.1,-1,8.62570884306447),
 (20.700001,-1,8.62570884306447),
 (18.299999,-1,8.62570884306447),
 (20.4,-1,8.62570884306447),
 (17.1,-1,8.62570884306447),
 (19.6,-1,8.62570884306447),
 (15.6,-1,8.62570884306447),
 (24.6,-1,8.62570884306447),
 (11.6,-1,8.62570884306447);
